              precision    recall  f1-score   support

           0       0.99      1.00      0.99      1636
           1       0.99      1.00      0.99       725
           2       1.00      1.00      1.00      1306
           3       1.00      1.00      1.00       617
           4       0.98      0.99      0.99       760
           5       1.00      1.00      1.00      1022
           6       1.00      0.99      0.99      1026
           7       1.00      0.99      1.00      1033
           8       1.00      0.95      0.97       997
           9       1.00      1.00      1.00       729
          10       0.99      0.99      0.99       738
          11       1.00      1.00      1.00      1008
          12       1.00      0.98      0.99       762
          13       0.98      1.00      0.99       707
          14       0.98      1.00      0.99      1069
          15       1.00      1.00      1.00       768
          16       1.00      1.00      1.00       764
          17       0.99      1.00      0.99       755
          18       0.97      0.99      0.98       735
          19       1.00      1.00      1.00       704
          20       1.00      0.99      0.99       749
          21       0.99      0.98      0.98      1001
          22       0.99      0.99      0.99      1072
          23       0.99      1.00      1.00       759
          24       0.99      1.00      0.99      1059
          25       1.00      1.00      1.00       733
          26       1.00      1.00      1.00       711
          27       1.00      1.00      1.00       603
          28       1.00      1.00      1.00       706
          29       0.94      0.87      0.90       304

    accuracy                           0.99     25558
   macro avg       0.99      0.99      0.99     25558
weighted avg       0.99      0.99      0.99     25558
