[[1629    0    0    0    1    0    0    0    0    0    0    4    0    0
     2    0    0    0    0    0    0    0    0    0    0    0    0    0
     0    0]
 [   0  725    0    0    0    0    0    0    0    0    0    0    0    0
     0    0    0    0    0    0    0    0    0    0    0    0    0    0
     0    0]
 [   0    0 1304    0    0    0    0    0    0    0    0    0    0    0
     2    0    0    0    0    0    0    0    0    0    0    0    0    0
     0    0]
 [   0    0    0  617    0    0    0    0    0    0    0    0    0    0
     0    0    0    0    0    0    0    0    0    0    0    0    0    0
     0    0]
 [   0    1    0    0  755    0    0    0    0    0    0    0    0    0
     0    0    0    0    3    0    0    0    0    0    0    0    0    0
     0    1]
 [   0    4    0    0    0 1017    0    0    0    0    1    0    0    0
     0    0    0    0    0    0    0    0    0    0    0    0    0    0
     0    0]
 [   1    0    0    0    0    0 1020    3    0    0    0    0    0    0
     0    0    0    0    0    0    0    0    0    0    0    0    0    0
     0    2]
 [   0    0    0    0    0    0    3 1027    0    0    0    1    0    0
     0    0    0    0    0    0    0    0    0    0    0    0    0    0
     0    2]
 [  11    2    0    0    2    1    0    0  948    0    1    0    0    0
     2    0    0    0   19    0    2    0    0    3    3    0    0    0
     0    3]
 [   0    0    0    0    0    0    0    0    0  727    0    0    0    0
     0    0    0    0    0    0    0    0    0    0    0    1    0    0
     0    1]
 [   0    0    0    0    0    0    0    0    0    0  734    0    0    0
     0    0    0    0    0    0    1    0    0    0    1    0    0    0
     0    2]
 [   1    0    0    0    0    0    0    0    0    0    0 1003    0    0
     0    0    0    0    0    0    0    0    0    0    3    0    0    0
     0    1]
 [   2    0    0    0    2    0    0    0    0    0    0    0  750    8
     0    0    0    0    0    0    0    0    0    0    0    0    0    0
     0    0]
 [   0    0    0    0    0    0    0    0    0    0    0    0    0  707
     0    0    0    0    0    0    0    0    0    0    0    0    0    0
     0    0]
 [   0    0    0    0    0    0    0    0    0    0    0    0    0    0
  1069    0    0    0    0    0    0    0    0    0    0    0    0    0
     0    0]
 [   0    0    0    0    0    0    0    0    0    0    0    0    0    0
     1  767    0    0    0    0    0    0    0    0    0    0    0    0
     0    0]
 [   0    0    0    0    0    0    0    0    0    0    0    0    0    0
     1    0  762    0    0    0    0    0    0    0    0    0    0    0
     0    1]
 [   0    0    0    0    0    0    0    0    0    0    0    0    0    0
     0    0    0  754    0    0    0    0    0    1    0    0    0    0
     0    0]
 [   0    0    0    0    4    0    0    0    0    0    0    0    0    0
     0    0    0    6  724    0    0    0    0    0    0    0    0    0
     0    1]
 [   1    0    0    0    0    0    0    0    0    0    0    0    0    0
     0    0    0    0    0  703    0    0    0    0    0    0    0    0
     0    0]
 [   0    1    0    0    0    0    0    0    0    0    0    0    0    0
     0    0    0    4    0    0  741    2    0    0    0    0    0    0
     0    1]
 [   0    0    0    0    0    1    0    0    1    0    6    0    0    0
     0    0    0    0    0    0    0  984    6    1    1    0    0    0
     0    1]
 [   0    0    0    0    0    2    0    0    0    0    1    0    0    0
     0    0    0    0    1    0    0    5 1062    0    0    0    0    0
     0    1]
 [   1    0    0    0    0    0    0    0    0    0    0    0    0    0
     0    0    0    0    1    0    0    0    0  757    0    0    0    0
     0    0]
 [   0    0    0    0    0    0    0    0    0    0    0    0    0    0
     0    0    1    0    0    0    0    0    0    0 1057    0    0    0
     0    1]
 [   0    0    0    0    0    0    0    0    0    0    0    0    0    0
     0    0    0    0    0    0    0    0    0    0    0  733    0    0
     0    0]
 [   0    0    0    1    0    0    0    0    0    0    0    0    0    0
     1    0    0    0    0    0    0    0    0    0    0    1  708    0
     0    0]
 [   0    0    0    0    0    0    0    0    0    0    0    0    0    0
     0    0    0    0    0    0    0    0    0    0    0    0    0  603
     0    0]
 [   0    0    0    0    0    0    0    0    0    0    0    0    0    0
     0    0    0    0    0    0    0    0    0    0    0    0    0    0
   706    0]
 [   4    0    1    0    4    1    2    0    0    0    0    0    0    3
    13    1    0    1    0    0    0    6    1    0    2    0    0    1
     0  264]]