              precision    recall  f1-score   support

           0       0.27      0.86      0.41        14
           1       0.79      0.79      0.79        14
           2       0.19      1.00      0.33        13
           3       0.88      1.00      0.93        14
           4       0.62      0.77      0.69        13
           5       0.90      0.60      0.72        15
           6       0.00      0.00      0.00        15
           7       0.50      0.87      0.63        15
           8       1.00      0.15      0.27        13
           9       0.90      0.64      0.75        14
          10       0.39      0.93      0.55        14
          11       1.00      0.79      0.88        14
          12       1.00      0.36      0.53        14
          13       1.00      0.08      0.15        12
          14       1.00      0.14      0.25        14
          15       0.83      0.71      0.77        14
          16       1.00      0.21      0.35        14
          17       0.72      1.00      0.84        13
          18       1.00      0.86      0.92        14
          19       0.91      0.71      0.80        14
          20       0.50      0.46      0.48        13
          21       1.00      0.86      0.92        14
          22       0.50      0.07      0.12        14
          23       0.55      0.38      0.44        16
          24       0.00      0.00      0.00        14
          25       1.00      0.86      0.92        14
          26       1.00      1.00      1.00        14
          27       0.71      0.36      0.48        14
          28       0.62      0.57      0.59        14
          29       0.61      0.92      0.73        12
          30       0.25      0.29      0.27        14
          31       0.00      0.00      0.00        14
          32       0.52      0.93      0.67        14
          33       0.60      0.92      0.73        13
          34       1.00      0.92      0.96        13
          35       1.00      0.71      0.83        14

    accuracy                           0.60       498
   macro avg       0.69      0.60      0.58       498
weighted avg       0.69      0.60      0.57       498
