              precision    recall  f1-score   support

           0       0.60      0.23      0.33        13
           1       1.00      0.67      0.80        15
           2       1.00      0.29      0.44        14
           3       1.00      1.00      1.00        14
           4       1.00      0.73      0.84        11
           5       0.46      1.00      0.63        13
           6       0.67      0.86      0.75        14
           7       1.00      1.00      1.00        12
           8       1.00      0.64      0.78        11
           9       1.00      1.00      1.00        14
          10       0.93      0.93      0.93        14
          11       1.00      0.29      0.44        14
          12       1.00      0.38      0.55        16
          13       1.00      0.88      0.93        16
          14       0.68      1.00      0.81        13
          15       0.91      1.00      0.95        10
          16       1.00      0.92      0.96        12
          17       1.00      1.00      1.00        10
          18       1.00      0.80      0.89        10
          19       0.86      1.00      0.92        12
          20       1.00      0.88      0.93        16
          21       1.00      1.00      1.00        10
          22       0.45      1.00      0.62        13
          23       0.75      0.50      0.60        12
          24       0.47      1.00      0.64        14
          25       1.00      1.00      1.00        15
          26       1.00      1.00      1.00        16
          27       0.78      1.00      0.88        14
          28       0.87      0.87      0.87        15
          29       1.00      0.55      0.71        11
          30       1.00      0.79      0.88        14
          31       0.79      0.94      0.86        16
          32       0.54      0.54      0.54        13
          33       0.94      1.00      0.97        15
          34       0.93      1.00      0.97        14
          35       1.00      1.00      1.00        12

    accuracy                           0.82       478
   macro avg       0.88      0.82      0.82       478
weighted avg       0.88      0.82      0.82       478
