              precision    recall  f1-score   support

           0       0.78      1.00      0.88        18
           1       0.93      1.00      0.97        14
           2       0.86      1.00      0.93        19
           3       1.00      1.00      1.00        14
           4       0.89      1.00      0.94        16
           5       1.00      1.00      1.00        16
           6       0.80      0.44      0.57        18
           7       1.00      1.00      1.00        16
           8       1.00      1.00      1.00        15
           9       1.00      1.00      1.00        16
          10       0.89      0.53      0.67        15
          11       1.00      0.94      0.97        16
          12       1.00      1.00      1.00        16
          13       1.00      1.00      1.00        15
          14       1.00      0.73      0.85        15
          15       1.00      1.00      1.00        17
          16       1.00      1.00      1.00        17
          17       1.00      1.00      1.00        19
          18       1.00      1.00      1.00        17
          19       1.00      1.00      1.00        17
          20       0.83      1.00      0.91        15
          21       1.00      1.00      1.00        19
          22       1.00      0.88      0.93        16
          23       1.00      0.27      0.42        15
          24       1.00      0.72      0.84        18
          25       1.00      1.00      1.00        17
          26       1.00      1.00      1.00        17
          27       0.68      1.00      0.81        17
          28       1.00      0.44      0.61        16
          29       0.33      1.00      0.49        16
          30       1.00      0.47      0.64        17
          31       1.00      0.67      0.80        15
          32       0.61      0.88      0.72        16
          33       1.00      0.94      0.97        17
          34       1.00      1.00      1.00        18
          35       1.00      0.94      0.97        18

    accuracy                           0.89       593
   macro avg       0.93      0.88      0.89       593
weighted avg       0.93      0.89      0.89       593
